world: Spawn
x: 2999.0054031108184
y: 70.0
z: -774.6748348181087
yaw: -1.3039551
pitch: 1.199985
name: carcel
