world: Spawn
x: 3063.5633459978167
y: 74.0625
z: -784.1643022629721
yaw: 0.7796631
pitch: 2.0999644
name: eventos
