world: Hungergames
x: -70.44892630768098
y: 82.0
z: 203.86055519762104
yaw: -179.50238
pitch: -13.20017
name: hungergames
