world: Forseti-Games
x: 29.29090743678895
y: 5.0
z: 323.1903091646938
yaw: -0.13278171
pitch: 1.49999
name: minavip
