world: Forseti-Games
x: -802.2398809549179
y: 7.0
z: -1652.964283368638
yaw: 0.14993286
pitch: 2.5499647
name: minijuegos
