world: Parcelas
x: 1.8429066347189362
y: 65.0
z: 0.4989135379342786
yaw: -268.65045
pitch: 4.2002134
name: Parcelas
