world: Spawn
x: 3365.4715933938546
y: 87.0625
z: -926.2826860998262
yaw: -0.26620483
pitch: 4.0499783
name: pvp
