world: zonarecursos
x: -54.64875345430445
y: 68.0
z: -37.32119192887231
yaw: -359.30252
pitch: -1.6497573
name: recursos
