world: ForsetiMap
x: -2585.8932876074728
y: 88.0
z: 1522.5316107633237
yaw: 2.1963148
pitch: -1.6499418
name: spawn
