world: ForsetiMap
x: -2585.2726824862325
y: 71.73899470310448
z: 1522.5297349382238
yaw: 177.84634
pitch: 9.450058
name: survival2
