world: ForsetiMap
x: 37.46519116715641
y: 65.0
z: 202.71989130869198
yaw: 195.3245
pitch: 2.699922
name: survival
