world: ForsetiMap
x: -2593.6383120242494
y: 48.0
z: 1547.9541331985579
yaw: 270.07547
pitch: 19.200037
name: tienda
