world: ForsetiMap
x: -2611.0014384360493
y: 57.0
z: 1549.044821569836
yaw: -0.8045299
pitch: 7.6714096
name: trade
